11820 11819
parent 11819, 11820, 0
11821 11819
parent 11819, 11821, 0
11822 11819
parent 11819, 11822, 0
11823 11819
parent 11819, 11823, 0
11824 11819
parent 11819, 11824, 0
11825 11819
parent 11819, 11825, 0
11826 11819
parent 11819, 11826, 0
11827 11819
parent 11819, 11827, 0
11828 11819
parent 11819, 11828, 0
11829 11819
parent 11819, 11829, 0
11830 11819
parent 11819, 11830, 0
11831 11819
parent 11819, 11831, 0
11832 11819
parent 11819, 11832, 0
11833 11819
parent 11819, 11833, 0
11834 11819
parent 11819, 11834, 0
11835 11819
parent 11819, 11835, 0
11836 11819
parent 11819, 11836, 0
11837 11819
parent 11819, 11837, 0
11838 11819
parent 11819, 11838, 0
11839 11819
parent 11819, 11839, 0
11840 11819
parent 11819, 11840, 0
11841 11819
parent 11819, 11841, 0
11842 11819
parent 11819, 11842, 0
11843 11819
parent 11819, 11843, 0
11844 11819
parent 11819, 11844, 0
11845 11819
parent 11819, 11845, 0
11846 11819
parent 11819, 11846, 0
11847 11819
parent 11819, 11847, 0
11848 11819
parent 11819, 11848, 0
11849 11819
parent 11819, 11849, 0
11850 11819
parent 11819, 11850, 0
11851 11819
parent 11819, 11851, 0
11852 11819
parent 11819, 11852, 0
11853 11819
parent 11819, 11853, 0
11854 11819
parent 11819, 11854, 0
11855 11819
parent 11819, 11855, 0
11856 11819
parent 11819, 11856, 0
11857 11819
parent 11819, 11857, 0
11858 11819
parent 11819, 11858, 0
11859 11819
parent 11819, 11859, 0
11860 11819
parent 11819, 11860, 0
11861 11819
parent 11819, 11861, 0
11862 11819
parent 11819, 11862, 0
11863 11819
parent 11819, 11863, 0
11864 11819
parent 11819, 11864, 0
11865 11819
parent 11819, 11865, 0
11866 11819
parent 11819, 11866, 0
11867 11819
parent 11819, 11867, 0
11868 11819
parent 11819, 11868, 0
11869 11819
parent 11819, 11869, 0
11870 11819
parent 11819, 11870, 0
11871 11819
parent 11819, 11871, 0
11872 11819
parent 11819, 11872, 0
11873 11819
parent 11819, 11873, 0
11874 11819
parent 11819, 11874, 0
11875 11819
parent 11819, 11875, 0
11876 11819
parent 11819, 11876, 0
11877 11819
parent 11819, 11877, 0
11878 11819
parent 11819, 11878, 0
11879 11819
parent 11819, 11879, 0
11880 11819
parent 11819, 11880, 0
11881 11819
parent 11819, 11881, 0
11882 11819
parent 11819, 11882, 0
11883 11819
parent 11819, 11883, 0
11884 11819
parent 11819, 11884, 0
11885 11819
parent 11819, 11885, 0
11886 11819
parent 11819, 11886, 0
11887 11819
parent 11819, 11887, 0
11888 11819
parent 11819, 11888, 0
11889 11819
parent 11819, 11889, 0
11890 11819
parent 11819, 11890, 0
11891 11819
parent 11819, 11891, 0
11892 11819
parent 11819, 11892, 0
11893 11819
parent 11819, 11893, 0
11894 11819
parent 11819, 11894, 0
11895 11819
parent 11819, 11895, 0
11896 11819
parent 11819, 11896, 0
11897 11819
parent 11819, 11897, 0
11898 11819
parent 11819, 11898, 0
11899 11819
parent 11819, 11899, 0
11900 11819
parent 11819, 11900, 0
11901 11819
parent 11819, 11901, 0
11902 11819
parent 11819, 11902, 0
11903 11819
parent 11819, 11903, 0
11904 11819
parent 11819, 11904, 0
11905 11819
parent 11819, 11905, 0
11906 11819
parent 11819, 11906, 0
11907 11819
parent 11819, 11907, 0
11908 11819
parent 11819, 11908, 0
11909 11819
parent 11819, 11909, 0
11910 11819
parent 11819, 11910, 0
11911 11819
parent 11819, 11911, 0
11912 11819
parent 11819, 11912, 0
11913 11819
parent 11819, 11913, 0
11914 11819
parent 11819, 11914, 0
11915 11819
parent 11819, 11915, 0
11916 11819
parent 11819, 11916, 0
11917 11819
parent 11819, 11917, 0
11918 11819
parent 11819, 11918, 0
11919 11819
parent 11819, 11919, 0
11920 11819
parent 11819, 11920, 0
11921 11819
parent 11819, 11921, 0
11922 11819
parent 11819, 11922, 0
11923 11819
parent 11819, 11923, 0
11924 11819
parent 11819, 11924, 0
11925 11819
parent 11819, 11925, 0
11926 11819
parent 11819, 11926, 0
11927 11819
parent 11819, 11927, 0
11928 11819
parent 11819, 11928, 0
11929 11819
parent 11819, 11929, 0
11930 11819
parent 11819, 11930, 0
11931 11819
parent 11819, 11931, 0
11932 11819
parent 11819, 11932, 0
11933 11819
parent 11819, 11933, 0
11934 11819
parent 11819, 11934, 0
11935 11819
parent 11819, 11935, 0
11936 11819
parent 11819, 11936, 0
11937 11819
parent 11819, 11937, 0
11938 11819
parent 11819, 11938, 0
11939 11819
parent 11819, 11939, 0
11940 11819
parent 11819, 11940, 0
11941 11819
parent 11819, 11941, 0
11942 11819
parent 11819, 11942, 0
11943 11819
parent 11819, 11943, 0
11944 11819
parent 11819, 11944, 0
11945 11819
parent 11819, 11945, 0
11946 11819
parent 11819, 11946, 0
11947 11819
parent 11819, 11947, 0
11948 11819
parent 11819, 11948, 0
11949 11819
parent 11819, 11949, 0
11950 11819
parent 11819, 11950, 0
11951 11819
parent 11819, 11951, 0
11952 11819
parent 11819, 11952, 0
11953 11819
parent 11819, 11953, 0
11954 11819
parent 11819, 11954, 0
11955 11819
parent 11819, 11955, 0
11956 11819
parent 11819, 11956, 0
11957 11819
parent 11819, 11957, 0
11958 11819
parent 11819, 11958, 0
11959 11819
parent 11819, 11959, 0
11960 11819
parent 11819, 11960, 0
11961 11819
parent 11819, 11961, 0
11962 11819
parent 11819, 11962, 0
11963 11819
parent 11819, 11963, 0
11964 11819
parent 11819, 11964, 0
11965 11819
parent 11819, 11965, 0
11966 11819
parent 11819, 11966, 0
11967 11819
parent 11819, 11967, 0
11968 11819
parent 11819, 11968, 0
11969 11819
parent 11819, 11969, 0
11970 11819
parent 11819, 11970, 0
11971 11819
parent 11819, 11971, 0
11972 11819
parent 11819, 11972, 0
11973 11819
parent 11819, 11973, 0
11974 11819
parent 11819, 11974, 0
11975 11819
parent 11819, 11975, 0
11976 11819
parent 11819, 11976, 0
11977 11819
parent 11819, 11977, 0
11978 11819
parent 11819, 11978, 0
11979 11819
parent 11819, 11979, 0
11980 11819
parent 11819, 11980, 0
11981 11819
parent 11819, 11981, 0
11982 11819
parent 11819, 11982, 0
11983 11819
parent 11819, 11983, 0
11984 11819
parent 11819, 11984, 0
11985 11819
parent 11819, 11985, 0
11986 11819
parent 11819, 11986, 0
11987 11819
parent 11819, 11987, 0
11988 11819
parent 11819, 11988, 0
11989 11819
parent 11819, 11989, 0
11990 11819
parent 11819, 11990, 0
11991 11819
parent 11819, 11991, 0
11992 11819
parent 11819, 11992, 0
11993 11819
parent 11819, 11993, 0
11994 11819
parent 11819, 11994, 0
11995 11819
parent 11819, 11995, 0
11996 11819
parent 11819, 11996, 0
11997 11819
parent 11819, 11997, 0
11998 11819
parent 11819, 11998, 0
11999 11819
parent 11819, 11999, 0
12000 11819
parent 11819, 12000, 0
12001 11819
parent 11819, 12001, 0
12002 11819
parent 11819, 12002, 0
12003 11819
parent 11819, 12003, 0
12004 11819
parent 11819, 12004, 0
12005 11819
parent 11819, 12005, 0
12006 11819
parent 11819, 12006, 0
12007 11819
parent 11819, 12007, 0
12008 11819
parent 11819, 12008, 0
12009 11819
parent 11819, 12009, 0
12010 11819
parent 11819, 12010, 0
12011 11819
parent 11819, 12011, 0
12012 11819
parent 11819, 12012, 0
12013 11819
parent 11819, 12013, 0
12014 11819
parent 11819, 12014, 0
12015 11819
parent 11819, 12015, 0
12016 11819
parent 11819, 12016, 0
12017 11819
parent 11819, 12017, 0
12018 11819
parent 11819, 12018, 0
12019 11819
parent 11819, 12019, 0
12020 11819
parent 11819, 12020, 0
12021 11819
parent 11819, 12021, 0
12022 11819
parent 11819, 12022, 0
12023 11819
parent 11819, 12023, 0
12024 11819
parent 11819, 12024, 0
12025 11819
parent 11819, 12025, 0
12026 11819
parent 11819, 12026, 0
12027 11819
parent 11819, 12027, 0
12028 11819
parent 11819, 12028, 0
12029 11819
parent 11819, 12029, 0
12030 11819
parent 11819, 12030, 0
12031 11819
parent 11819, 12031, 0
12032 11819
parent 11819, 12032, 0
12033 11819
parent 11819, 12033, 0
12034 11819
parent 11819, 12034, 0
12035 11819
parent 11819, 12035, 0
12036 11819
parent 11819, 12036, 0
12037 11819
parent 11819, 12037, 0
12038 11819
parent 11819, 12038, 0
12039 11819
parent 11819, 12039, 0
12040 11819
parent 11819, 12040, 0
12041 11819
parent 11819, 12041, 0
12042 11819
parent 11819, 12042, 0
12043 11819
parent 11819, 12043, 0
12044 11819
parent 11819, 12044, 0
12045 11819
parent 11819, 12045, 0
12046 11819
parent 11819, 12046, 0
12047 11819
parent 11819, 12047, 0
12048 11819
parent 11819, 12048, 0
12049 11819
parent 11819, 12049, 0
12050 11819
parent 11819, 12050, 0
12051 11819
parent 11819, 12051, 0
12052 11819
parent 11819, 12052, 0
12053 11819
parent 11819, 12053, 0
12054 11819
parent 11819, 12054, 0
12055 11819
parent 11819, 12055, 0
12056 11819
parent 11819, 12056, 0
12057 11819
parent 11819, 12057, 0
12058 11819
parent 11819, 12058, 0
12059 11819
parent 11819, 12059, 0
12060 11819
parent 11819, 12060, 0
12061 11819
parent 11819, 12061, 0
12062 11819
parent 11819, 12062, 0
12063 11819
parent 11819, 12063, 0
12064 11819
parent 11819, 12064, 0
12065 11819
parent 11819, 12065, 0
12066 11819
parent 11819, 12066, 0
12067 11819
parent 11819, 12067, 0
12068 11819
parent 11819, 12068, 0
12069 11819
parent 11819, 12069, 0
12070 11819
parent 11819, 12070, 0
12071 11819
parent 11819, 12071, 0
12072 11819
parent 11819, 12072, 0
12073 11819
parent 11819, 12073, 0
12074 11819
parent 11819, 12074, 0
12075 11819
parent 11819, 12075, 0
12076 11819
parent 11819, 12076, 0
12077 11819
parent 11819, 12077, 0
12078 11819
parent 11819, 12078, 0
12079 11819
parent 11819, 12079, 0
12080 11819
parent 11819, 12080, 0
12081 11819
parent 11819, 12081, 0
12082 11819
parent 11819, 12082, 0
12083 11819
parent 11819, 12083, 0
12084 11819
parent 11819, 12084, 0
12085 11819
parent 11819, 12085, 0
12086 11819
parent 11819, 12086, 0
12087 11819
parent 11819, 12087, 0
12088 11819
parent 11819, 12088, 0
12089 11819
parent 11819, 12089, 0
12090 11819
parent 11819, 12090, 0
12091 11819
parent 11819, 12091, 0
12092 11819
parent 11819, 12092, 0
12093 11819
parent 11819, 12093, 0
12094 11819
parent 11819, 12094, 0
12095 11819
parent 11819, 12095, 0
12096 11819
parent 11819, 12096, 0
12097 11819
parent 11819, 12097, 0
12098 11819
parent 11819, 12098, 0
12099 11819
parent 11819, 12099, 0
12100 11819
parent 11819, 12100, 0
12101 11819
parent 11819, 12101, 0
12102 11819
parent 11819, 12102, 0
12103 11819
parent 11819, 12103, 0
12104 11819
parent 11819, 12104, 0
12105 11819
parent 11819, 12105, 0
12106 11819
parent 11819, 12106, 0
12107 11819
parent 11819, 12107, 0
12108 11819
parent 11819, 12108, 0
12109 11819
parent 11819, 12109, 0
12110 11819
parent 11819, 12110, 0
12111 11819
parent 11819, 12111, 0
12112 11819
parent 11819, 12112, 0
12113 11819
parent 11819, 12113, 0
12114 11819
parent 11819, 12114, 0
12115 11819
parent 11819, 12115, 0
12116 11819
parent 11819, 12116, 0
12117 11819
parent 11819, 12117, 0
12118 11819
parent 11819, 12118, 0
12119 11819
parent 11819, 12119, 0
12120 11819
parent 11819, 12120, 0
12121 11819
parent 11819, 12121, 0
12122 11819
parent 11819, 12122, 0
12123 11819
parent 11819, 12123, 0
12124 11819
parent 11819, 12124, 0
12125 11819
parent 11819, 12125, 0
12126 11819
parent 11819, 12126, 0
12127 11819
parent 11819, 12127, 0
12128 11819
parent 11819, 12128, 0
12129 11819
parent 11819, 12129, 0
12130 11819
parent 11819, 12130, 0
12131 11819
parent 11819, 12131, 0
12132 11819
parent 11819, 12132, 0
12133 11819
parent 11819, 12133, 0
12134 11819
parent 11819, 12134, 0
12135 11819
parent 11819, 12135, 0
12136 11819
parent 11819, 12136, 0
12137 11819
parent 11819, 12137, 0
12138 11819
parent 11819, 12138, 0
12139 11819
parent 11819, 12139, 0
12140 11819
parent 11819, 12140, 0
12141 11819
parent 11819, 12141, 0
12142 11819
parent 11819, 12142, 0
12143 11819
parent 11819, 12143, 0
12144 11819
parent 11819, 12144, 0
12145 11819
parent 11819, 12145, 0
12146 11819
parent 11819, 12146, 0
12147 11819
parent 11819, 12147, 0
12148 11819
parent 11819, 12148, 0
12149 11819
parent 11819, 12149, 0
12150 11819
parent 11819, 12150, 0
12151 11819
parent 11819, 12151, 0
12152 11819
parent 11819, 12152, 0
12153 11819
parent 11819, 12153, 0
12154 11819
parent 11819, 12154, 0
12155 11819
parent 11819, 12155, 0
12156 11819
parent 11819, 12156, 0
12157 11819
parent 11819, 12157, 0
12158 11819
parent 11819, 12158, 0
12159 11819
parent 11819, 12159, 0
12160 11819
parent 11819, 12160, 0
12161 11819
parent 11819, 12161, 0
12162 11819
parent 11819, 12162, 0
12163 11819
parent 11819, 12163, 0
12164 11819
parent 11819, 12164, 0
12165 11819
parent 11819, 12165, 0
12166 11819
parent 11819, 12166, 0
12167 11819
parent 11819, 12167, 0
12168 11819
parent 11819, 12168, 0
12169 11819
parent 11819, 12169, 0
12170 11819
parent 11819, 12170, 0
12171 11819
parent 11819, 12171, 0
12172 11819
parent 11819, 12172, 0
12173 11819
parent 11819, 12173, 0
12174 11819
parent 11819, 12174, 0
12175 11819
parent 11819, 12175, 0
12176 11819
parent 11819, 12176, 0
12177 11819
parent 11819, 12177, 0
12178 11819
parent 11819, 12178, 0
12179 11819
parent 11819, 12179, 0
12180 11819
parent 11819, 12180, 0
12181 11819
parent 11819, 12181, 0
12182 11819
parent 11819, 12182, 0
12183 11819
parent 11819, 12183, 0
12184 11819
parent 11819, 12184, 0
12185 11819
parent 11819, 12185, 0
12186 11819
parent 11819, 12186, 0
12187 11819
parent 11819, 12187, 0
12188 11819
parent 11819, 12188, 0
12189 11819
parent 11819, 12189, 0
12190 11819
parent 11819, 12190, 0
12191 11819
parent 11819, 12191, 0
12192 11819
parent 11819, 12192, 0
12193 11819
parent 11819, 12193, 0
12194 11819
parent 11819, 12194, 0
12195 11819
parent 11819, 12195, 0
12196 11819
parent 11819, 12196, 0
12197 11819
parent 11819, 12197, 0
12198 11819
parent 11819, 12198, 0
12199 11819
parent 11819, 12199, 0
12200 11819
parent 11819, 12200, 0
12201 11819
parent 11819, 12201, 0
12202 11819
parent 11819, 12202, 0
12203 11819
parent 11819, 12203, 0
12204 11819
parent 11819, 12204, 0
12205 11819
parent 11819, 12205, 0
12206 11819
parent 11819, 12206, 0
12207 11819
parent 11819, 12207, 0
12208 11819
parent 11819, 12208, 0
12209 11819
parent 11819, 12209, 0
12210 11819
parent 11819, 12210, 0
12211 11819
parent 11819, 12211, 0
12212 11819
parent 11819, 12212, 0
12213 11819
parent 11819, 12213, 0
12214 11819
parent 11819, 12214, 0
12215 11819
parent 11819, 12215, 0
12216 11819
parent 11819, 12216, 0
12217 11819
parent 11819, 12217, 0
12218 11819
parent 11819, 12218, 0
12219 11819
parent 11819, 12219, 0
12220 11819
parent 11819, 12220, 0
12221 11819
parent 11819, 12221, 0
12222 11819
parent 11819, 12222, 0
12223 11819
parent 11819, 12223, 0
12224 11819
parent 11819, 12224, 0
12225 11819
parent 11819, 12225, 0
12226 11819
parent 11819, 12226, 0
12227 11819
parent 11819, 12227, 0
12228 11819
parent 11819, 12228, 0
12229 11819
parent 11819, 12229, 0
12230 11819
parent 11819, 12230, 0
12231 11819
parent 11819, 12231, 0
12232 11819
parent 11819, 12232, 0
12233 11819
parent 11819, 12233, 0
12234 11819
parent 11819, 12234, 0
12235 11819
parent 11819, 12235, 0
12236 11819
parent 11819, 12236, 0
12237 11819
parent 11819, 12237, 0
12238 11819
parent 11819, 12238, 0
12239 11819
parent 11819, 12239, 0
12240 11819
parent 11819, 12240, 0
12241 11819
parent 11819, 12241, 0
12242 11819
parent 11819, 12242, 0
12243 11819
parent 11819, 12243, 0
12244 11819
parent 11819, 12244, 0
12245 11819
parent 11819, 12245, 0
12246 11819
parent 11819, 12246, 0
12247 11819
parent 11819, 12247, 0
12248 11819
parent 11819, 12248, 0
12249 11819
parent 11819, 12249, 0
12250 11819
parent 11819, 12250, 0
12251 11819
parent 11819, 12251, 0
12252 11819
parent 11819, 12252, 0
12253 11819
parent 11819, 12253, 0
12254 11819
parent 11819, 12254, 0
12255 11819
parent 11819, 12255, 0
12256 11819
parent 11819, 12256, 0
12257 11819
parent 11819, 12257, 0
12258 11819
parent 11819, 12258, 0
12259 11819
parent 11819, 12259, 0
12260 11819
parent 11819, 12260, 0
12261 11819
parent 11819, 12261, 0
12262 11819
parent 11819, 12262, 0
12263 11819
parent 11819, 12263, 0
12264 11819
parent 11819, 12264, 0
12265 11819
parent 11819, 12265, 0
12266 11819
parent 11819, 12266, 0
12267 11819
parent 11819, 12267, 0
12268 11819
parent 11819, 12268, 0
12269 11819
parent 11819, 12269, 0
12270 11819
parent 11819, 12270, 0
12271 11819
parent 11819, 12271, 0
12272 11819
parent 11819, 12272, 0
12273 11819
parent 11819, 12273, 0
12274 11819
parent 11819, 12274, 0
12275 11819
parent 11819, 12275, 0
12276 11819
parent 11819, 12276, 0
12277 11819
parent 11819, 12277, 0
12278 11819
parent 11819, 12278, 0
12279 11819
parent 11819, 12279, 0
12280 11819
parent 11819, 12280, 0
12281 11819
parent 11819, 12281, 0
12282 11819
parent 11819, 12282, 0
12283 11819
parent 11819, 12283, 0
12284 11819
parent 11819, 12284, 0
12285 11819
parent 11819, 12285, 0
12286 11819
parent 11819, 12286, 0
12287 11819
parent 11819, 12287, 0
12288 11819
parent 11819, 12288, 0
12289 11819
parent 11819, 12289, 0
12290 11819
parent 11819, 12290, 0
12291 11819
parent 11819, 12291, 0
12292 11819
parent 11819, 12292, 0
12293 11819
parent 11819, 12293, 0
12294 11819
parent 11819, 12294, 0
12295 11819
parent 11819, 12295, 0
12296 11819
parent 11819, 12296, 0
12297 11819
parent 11819, 12297, 0
12298 11819
parent 11819, 12298, 0
12299 11819
parent 11819, 12299, 0
12300 11819
parent 11819, 12300, 0
12301 11819
parent 11819, 12301, 0
12302 11819
parent 11819, 12302, 0
12303 11819
parent 11819, 12303, 0
12304 11819
parent 11819, 12304, 0
12305 11819
parent 11819, 12305, 0
12306 11819
parent 11819, 12306, 0
12307 11819
parent 11819, 12307, 0
12308 11819
parent 11819, 12308, 0
12309 11819
parent 11819, 12309, 0
12310 11819
parent 11819, 12310, 0
12311 11819
parent 11819, 12311, 0
12312 11819
parent 11819, 12312, 0
12313 11819
parent 11819, 12313, 0
12314 11819
parent 11819, 12314, 0
12315 11819
parent 11819, 12315, 0
12316 11819
parent 11819, 12316, 0
12317 11819
parent 11819, 12317, 0
12318 11819
parent 11819, 12318, 0
12319 11819
parent 11819, 12319, 0
12320 11819
parent 11819, 12320, 0
12321 11819
parent 11819, 12321, 0
12322 11819
parent 11819, 12322, 0
12323 11819
parent 11819, 12323, 0
12324 11819
parent 11819, 12324, 0
12325 11819
parent 11819, 12325, 0
12326 11819
parent 11819, 12326, 0
12327 11819
parent 11819, 12327, 0
12328 11819
parent 11819, 12328, 0
12329 11819
parent 11819, 12329, 0
12330 11819
parent 11819, 12330, 0
12331 11819
parent 11819, 12331, 0
12332 11819
parent 11819, 12332, 0
12333 11819
parent 11819, 12333, 0
12334 11819
parent 11819, 12334, 0
12335 11819
parent 11819, 12335, 0
12336 11819
parent 11819, 12336, 0
12337 11819
parent 11819, 12337, 0
12338 11819
parent 11819, 12338, 0
12339 11819
parent 11819, 12339, 0
12340 11819
parent 11819, 12340, 0
12341 11819
parent 11819, 12341, 0
12342 11819
parent 11819, 12342, 0
12343 11819
parent 11819, 12343, 0
12344 11819
parent 11819, 12344, 0
12345 11819
parent 11819, 12345, 0
12346 11819
parent 11819, 12346, 0
12347 11819
parent 11819, 12347, 0
12348 11819
parent 11819, 12348, 0
12349 11819
parent 11819, 12349, 0
12350 11819
parent 11819, 12350, 0
12351 11819
parent 11819, 12351, 0
12352 11819
parent 11819, 12352, 0
12353 11819
parent 11819, 12353, 0
12354 11819
parent 11819, 12354, 0
12355 11819
parent 11819, 12355, 0
12356 11819
parent 11819, 12356, 0
12357 11819
parent 11819, 12357, 0
12358 11819
parent 11819, 12358, 0
12359 11819
parent 11819, 12359, 0
12360 11819
parent 11819, 12360, 0
12361 11819
parent 11819, 12361, 0
12362 11819
parent 11819, 12362, 0
12363 11819
parent 11819, 12363, 0
12364 11819
parent 11819, 12364, 0
12365 11819
parent 11819, 12365, 0
12366 11819
parent 11819, 12366, 0
12367 11819
parent 11819, 12367, 0
12368 11819
parent 11819, 12368, 0
12369 11819
parent 11819, 12369, 0
12370 11819
parent 11819, 12370, 0
12371 11819
parent 11819, 12371, 0
12372 11819
parent 11819, 12372, 0
12373 11819
parent 11819, 12373, 0
12374 11819
parent 11819, 12374, 0
12375 11819
parent 11819, 12375, 0
12376 11819
parent 11819, 12376, 0
12378 11819
parent 11819, 12378, 0
12379 11819
parent 11819, 12379, 0
12380 11819
parent 11819, 12380, 0
12381 11819
parent 11819, 12381, 0
12382 11819
parent 11819, 12382, 0
12383 11819
parent 11819, 12383, 0
12384 11819
parent 11819, 12384, 0
12385 11819
parent 11819, 12385, 0
12386 11819
parent 11819, 12386, 0
12387 11819
parent 11819, 12387, 0
12388 11819
parent 11819, 12388, 0
12389 11819
parent 11819, 12389, 0
12390 11819
parent 11819, 12390, 0
12391 11819
parent 11819, 12391, 0
12392 11819
parent 11819, 12392, 0
12393 11819
parent 11819, 12393, 0
12394 11819
parent 11819, 12394, 0
12395 11819
parent 11819, 12395, 0
12396 11819
parent 11819, 12396, 0
12397 11819
parent 11819, 12397, 0
12398 11819
parent 11819, 12398, 0
12399 11819
parent 11819, 12399, 0
12400 11819
parent 11819, 12400, 0
12401 11819
parent 11819, 12401, 0
12402 11819
parent 11819, 12402, 0
12403 11819
parent 11819, 12403, 0
12404 11819
parent 11819, 12404, 0
12405 11819
parent 11819, 12405, 0
12406 11819
parent 11819, 12406, 0
12407 11819
parent 11819, 12407, 0
12408 11819
parent 11819, 12408, 0
12409 11819
parent 11819, 12409, 0
12410 11819
parent 11819, 12410, 0
12411 11819
parent 11819, 12411, 0
12412 11819
parent 11819, 12412, 0
12413 11819
parent 11819, 12413, 0
12414 11819
parent 11819, 12414, 0
12415 11819
parent 11819, 12415, 0
12416 11819
parent 11819, 12416, 0
12417 11819
parent 11819, 12417, 0
12418 11819
parent 11819, 12418, 0
12419 11819
parent 11819, 12419, 0
12420 11819
parent 11819, 12420, 0
12421 11819
parent 11819, 12421, 0
12422 11819
parent 11819, 12422, 0
12423 11819
parent 11819, 12423, 0
12424 11819
parent 11819, 12424, 0
12425 11819
parent 11819, 12425, 0
12426 11819
parent 11819, 12426, 0
12427 11819
parent 11819, 12427, 0
12428 11819
parent 11819, 12428, 0
12429 11819
parent 11819, 12429, 0
12430 11819
parent 11819, 12430, 0
12431 11819
parent 11819, 12431, 0
12432 11819
parent 11819, 12432, 0
12433 11819
parent 11819, 12433, 0
12434 11819
parent 11819, 12434, 0
12435 11819
parent 11819, 12435, 0
12436 11819
parent 11819, 12436, 0
12437 11819
parent 11819, 12437, 0
12438 11819
parent 11819, 12438, 0
12439 11819
parent 11819, 12439, 0
12440 11819
parent 11819, 12440, 0
12441 11819
parent 11819, 12441, 0
12442 11819
parent 11819, 12442, 0
12443 11819
parent 11819, 12443, 0
12444 11819
parent 11819, 12444, 0
12445 11819
parent 11819, 12445, 0
12446 11819
parent 11819, 12446, 0
12447 11819
parent 11819, 12447, 0
12448 11819
parent 11819, 12448, 0
12449 11819
parent 11819, 12449, 0
12450 11819
parent 11819, 12450, 0
12451 11819
parent 11819, 12451, 0
12452 11819
parent 11819, 12452, 0
12453 11819
parent 11819, 12453, 0
12454 11819
parent 11819, 12454, 0
12455 11819
parent 11819, 12455, 0
12456 11819
parent 11819, 12456, 0
12457 11819
parent 11819, 12457, 0
12458 11819
parent 11819, 12458, 0
12459 11819
parent 11819, 12459, 0
12460 11819
parent 11819, 12460, 0
12461 11819
parent 11819, 12461, 0
12462 11819
parent 11819, 12462, 0
12463 11819
parent 11819, 12463, 0
12464 11819
parent 11819, 12464, 0
12465 11819
parent 11819, 12465, 0
12466 11819
parent 11819, 12466, 0
12467 11819
parent 11819, 12467, 0
12468 11819
parent 11819, 12468, 0
12469 11819
parent 11819, 12469, 0
12470 11819
parent 11819, 12470, 0
12471 11819
parent 11819, 12471, 0
12472 11819
parent 11819, 12472, 0
12473 11819
parent 11819, 12473, 0
12474 11819
parent 11819, 12474, 0
12475 11819
parent 11819, 12475, 0
12476 11819
parent 11819, 12476, 0
12477 11819
parent 11819, 12477, 0
12478 11819
parent 11819, 12478, 0
12479 11819
parent 11819, 12479, 0
12480 11819
parent 11819, 12480, 0
12481 11819
parent 11819, 12481, 0
12482 11819
parent 11819, 12482, 0
12483 11819
parent 11819, 12483, 0
12484 11819
parent 11819, 12484, 0
12485 11819
parent 11819, 12485, 0
12486 11819
parent 11819, 12486, 0
12487 11819
parent 11819, 12487, 0
12488 11819
parent 11819, 12488, 0
12489 11819
parent 11819, 12489, 0
12490 11819
parent 11819, 12490, 0
12491 11819
parent 11819, 12491, 0
12492 11819
parent 11819, 12492, 0
12493 11819
parent 11819, 12493, 0
12494 11819
parent 11819, 12494, 0
12495 11819
parent 11819, 12495, 0
12496 11819
parent 11819, 12496, 0
12497 11819
parent 11819, 12497, 0
12498 11819
parent 11819, 12498, 0
12499 11819
parent 11819, 12499, 0
12500 11819
parent 11819, 12500, 0
12501 11819
parent 11819, 12501, 0
12502 11819
parent 11819, 12502, 0
12503 11819
parent 11819, 12503, 0
12504 11819
parent 11819, 12504, 0
12505 11819
parent 11819, 12505, 0
12506 11819
parent 11819, 12506, 0
12507 11819
parent 11819, 12507, 0
12508 11819
parent 11819, 12508, 0
12509 11819
parent 11819, 12509, 0
12510 11819
parent 11819, 12510, 0
12511 11819
parent 11819, 12511, 0
12512 11819
parent 11819, 12512, 0
12513 11819
parent 11819, 12513, 0
12514 11819
parent 11819, 12514, 0
12515 11819
parent 11819, 12515, 0
12516 11819
parent 11819, 12516, 0
12517 11819
parent 11819, 12517, 0
12518 11819
parent 11819, 12518, 0
12519 11819
parent 11819, 12519, 0
12520 11819
parent 11819, 12520, 0
12521 11819
parent 11819, 12521, 0
12522 11819
parent 11819, 12522, 0
12523 11819
parent 11819, 12523, 0
12524 11819
parent 11819, 12524, 0
12525 11819
parent 11819, 12525, 0
12526 11819
parent 11819, 12526, 0
12527 11819
parent 11819, 12527, 0
12528 11819
parent 11819, 12528, 0
12529 11819
parent 11819, 12529, 0
12530 11819
parent 11819, 12530, 0
12531 11819
parent 11819, 12531, 0
12532 11819
parent 11819, 12532, 0
12533 11819
parent 11819, 12533, 0
12534 11819
parent 11819, 12534, 0
12535 11819
parent 11819, 12535, 0
12536 11819
parent 11819, 12536, 0
12537 11819
parent 11819, 12537, 0
12538 11819
parent 11819, 12538, 0
12539 11819
parent 11819, 12539, 0
12540 11819
parent 11819, 12540, 0
12541 11819
parent 11819, 12541, 0
12542 11819
parent 11819, 12542, 0
12543 11819
parent 11819, 12543, 0
12544 11819
parent 11819, 12544, 0
12545 11819
parent 11819, 12545, 0
12546 11819
parent 11819, 12546, 0
12547 11819
parent 11819, 12547, 0
12548 11819
parent 11819, 12548, 0
12549 11819
parent 11819, 12549, 0
12550 11819
parent 11819, 12550, 0
12551 11819
parent 11819, 12551, 0
12552 11819
parent 11819, 12552, 0
12553 11819
parent 11819, 12553, 0
12554 11819
parent 11819, 12554, 0
12555 11819
parent 11819, 12555, 0
12556 11819
parent 11819, 12556, 0
12557 11819
parent 11819, 12557, 0
12558 11819
parent 11819, 12558, 0
12559 11819
parent 11819, 12559, 0
12560 11819
parent 11819, 12560, 0
12561 11819
parent 11819, 12561, 0
12562 11819
parent 11819, 12562, 0
12563 11819
parent 11819, 12563, 0
12564 11819
parent 11819, 12564, 0
12565 11819
parent 11819, 12565, 0
12566 11819
parent 11819, 12566, 0
12567 11819
parent 11819, 12567, 0
12568 11819
parent 11819, 12568, 0
12569 11819
parent 11819, 12569, 0
12570 11819
parent 11819, 12570, 0
12571 11819
parent 11819, 12571, 0
12572 11819
parent 11819, 12572, 0
12573 11819
parent 11819, 12573, 0
12574 11819
parent 11819, 12574, 0
12575 11819
parent 11819, 12575, 0
12576 11819
parent 11819, 12576, 0
12577 11819
parent 11819, 12577, 0
12578 11819
parent 11819, 12578, 0
12579 11819
parent 11819, 12579, 0
12580 11819
parent 11819, 12580, 0
12581 11819
parent 11819, 12581, 0
12582 11819
parent 11819, 12582, 0
12583 11819
parent 11819, 12583, 0
12584 11819
parent 11819, 12584, 0
12585 11819
parent 11819, 12585, 0
12586 11819
parent 11819, 12586, 0
12587 11819
parent 11819, 12587, 0
12588 11819
parent 11819, 12588, 0
12589 11819
parent 11819, 12589, 0
12590 11819
parent 11819, 12590, 0
12591 11819
parent 11819, 12591, 0
12592 11819
parent 11819, 12592, 0
12593 11819
parent 11819, 12593, 0
12594 11819
parent 11819, 12594, 0
12595 11819
parent 11819, 12595, 0
12596 11819
parent 11819, 12596, 0
12597 11819
parent 11819, 12597, 0
12598 11819
parent 11819, 12598, 0
12599 11819
parent 11819, 12599, 0
12600 11819
parent 11819, 12600, 0
12601 11819
parent 11819, 12601, 0
12602 11819
parent 11819, 12602, 0
12603 11819
parent 11819, 12603, 0
12604 11819
parent 11819, 12604, 0
12605 11819
parent 11819, 12605, 0
12606 11819
parent 11819, 12606, 0
12607 11819
parent 11819, 12607, 0
12608 11819
parent 11819, 12608, 0
12609 11819
parent 11819, 12609, 0
12610 11819
parent 11819, 12610, 0
12611 11819
parent 11819, 12611, 0
12612 11819
parent 11819, 12612, 0
12613 11819
parent 11819, 12613, 0
12614 11819
parent 11819, 12614, 0
12615 11819
parent 11819, 12615, 0
12616 11819
parent 11819, 12616, 0
12617 11819
parent 11819, 12617, 0
12618 11819
parent 11819, 12618, 0
12619 11819
parent 11819, 12619, 0
12620 11819
parent 11819, 12620, 0
12621 11819
parent 11819, 12621, 0
12622 11819
parent 11819, 12622, 0
12623 11819
parent 11819, 12623, 0
12624 11819
parent 11819, 12624, 0
12625 11819
parent 11819, 12625, 0
12626 11819
parent 11819, 12626, 0
12627 11819
parent 11819, 12627, 0
12628 11819
parent 11819, 12628, 0
12629 11819
parent 11819, 12629, 0
12630 11819
parent 11819, 12630, 0
12631 11819
parent 11819, 12631, 0
12632 11819
parent 11819, 12632, 0
12633 11819
parent 11819, 12633, 0
12634 11819
parent 11819, 12634, 0
12635 11819
parent 11819, 12635, 0
12636 11819
parent 11819, 12636, 0
12637 11819
parent 11819, 12637, 0
12638 11819
parent 11819, 12638, 0
12639 11819
parent 11819, 12639, 0
12640 11819
parent 11819, 12640, 0
12641 11819
parent 11819, 12641, 0
12642 11819
parent 11819, 12642, 0
12643 11819
parent 11819, 12643, 0
12644 11819
parent 11819, 12644, 0
12645 11819
parent 11819, 12645, 0
12646 11819
parent 11819, 12646, 0
12647 11819
parent 11819, 12647, 0
12648 11819
parent 11819, 12648, 0
12649 11819
parent 11819, 12649, 0
12650 11819
parent 11819, 12650, 0
12651 11819
parent 11819, 12651, 0
12652 11819
parent 11819, 12652, 0
12653 11819
parent 11819, 12653, 0
12654 11819
parent 11819, 12654, 0
12655 11819
parent 11819, 12655, 0
12656 11819
parent 11819, 12656, 0
12657 11819
parent 11819, 12657, 0
12658 11819
parent 11819, 12658, 0
12659 11819
parent 11819, 12659, 0
12660 11819
parent 11819, 12660, 0
12661 11819
parent 11819, 12661, 0
12662 11819
parent 11819, 12662, 0
12663 11819
parent 11819, 12663, 0
12664 11819
parent 11819, 12664, 0
12665 11819
parent 11819, 12665, 0
12666 11819
parent 11819, 12666, 0
12667 11819
parent 11819, 12667, 0
12668 11819
parent 11819, 12668, 0
12669 11819
parent 11819, 12669, 0
12670 11819
parent 11819, 12670, 0
12671 11819
parent 11819, 12671, 0
12672 11819
parent 11819, 12672, 0
12673 11819
parent 11819, 12673, 0
12674 11819
parent 11819, 12674, 0
12675 11819
parent 11819, 12675, 0
12676 11819
parent 11819, 12676, 0
12677 11819
parent 11819, 12677, 0
12678 11819
parent 11819, 12678, 0
12679 11819
parent 11819, 12679, 0
12680 11819
parent 11819, 12680, 0
12681 11819
parent 11819, 12681, 0
12682 11819
parent 11819, 12682, 0
12683 11819
parent 11819, 12683, 0
12684 11819
parent 11819, 12684, 0
12685 11819
parent 11819, 12685, 0
12686 11819
parent 11819, 12686, 0
12687 11819
parent 11819, 12687, 0
12688 11819
parent 11819, 12688, 0
12689 11819
parent 11819, 12689, 0
12690 11819
parent 11819, 12690, 0
12691 11819
parent 11819, 12691, 0
12692 11819
parent 11819, 12692, 0
12693 11819
parent 11819, 12693, 0
12694 11819
parent 11819, 12694, 0
12695 11819
parent 11819, 12695, 0
12696 11819
parent 11819, 12696, 0
12697 11819
parent 11819, 12697, 0
12698 11819
parent 11819, 12698, 0
12699 11819
parent 11819, 12699, 0
12700 11819
parent 11819, 12700, 0
12701 11819
parent 11819, 12701, 0
12702 11819
parent 11819, 12702, 0
12703 11819
parent 11819, 12703, 0
12704 11819
parent 11819, 12704, 0
12705 11819
parent 11819, 12705, 0
12706 11819
parent 11819, 12706, 0
12707 11819
parent 11819, 12707, 0
12708 11819
parent 11819, 12708, 0
12709 11819
parent 11819, 12709, 0
12710 11819
parent 11819, 12710, 0
12711 11819
parent 11819, 12711, 0
12712 11819
parent 11819, 12712, 0
12713 11819
parent 11819, 12713, 0
12714 11819
parent 11819, 12714, 0
12715 11819
parent 11819, 12715, 0
12716 11819
parent 11819, 12716, 0
12717 11819
parent 11819, 12717, 0
12718 11819
parent 11819, 12718, 0
12719 11819
parent 11819, 12719, 0
12720 11819
parent 11819, 12720, 0
12721 11819
parent 11819, 12721, 0
12722 11819
parent 11819, 12722, 0
12723 11819
parent 11819, 12723, 0
12724 11819
parent 11819, 12724, 0
12725 11819
parent 11819, 12725, 0
12726 11819
parent 11819, 12726, 0
12727 11819
parent 11819, 12727, 0
12728 11819
parent 11819, 12728, 0
12729 11819
parent 11819, 12729, 0
12730 11819
parent 11819, 12730, 0
12731 11819
parent 11819, 12731, 0
12732 11819
parent 11819, 12732, 0
12733 11819
parent 11819, 12733, 0
12734 11819
parent 11819, 12734, 0
12735 11819
parent 11819, 12735, 0
12736 11819
parent 11819, 12736, 0
12737 11819
parent 11819, 12737, 0
12738 11819
parent 11819, 12738, 0
12739 11819
parent 11819, 12739, 0
12740 11819
parent 11819, 12740, 0
12741 11819
parent 11819, 12741, 0
12742 11819
parent 11819, 12742, 0
12743 11819
parent 11819, 12743, 0
12744 11819
parent 11819, 12744, 0
12745 11819
parent 11819, 12745, 0
12746 11819
parent 11819, 12746, 0
12747 11819
parent 11819, 12747, 0
12748 11819
parent 11819, 12748, 0
12749 11819
parent 11819, 12749, 0
12750 11819
parent 11819, 12750, 0
12751 11819
parent 11819, 12751, 0
12752 11819
parent 11819, 12752, 0
12753 11819
parent 11819, 12753, 0
12754 11819
parent 11819, 12754, 0
12755 11819
parent 11819, 12755, 0
12756 11819
parent 11819, 12756, 0
12757 11819
parent 11819, 12757, 0
12758 11819
parent 11819, 12758, 0
12759 11819
parent 11819, 12759, 0
12760 11819
parent 11819, 12760, 0
12761 11819
parent 11819, 12761, 0
12762 11819
parent 11819, 12762, 0
12763 11819
parent 11819, 12763, 0
12764 11819
parent 11819, 12764, 0
12765 11819
parent 11819, 12765, 0
12766 11819
parent 11819, 12766, 0
12767 11819
parent 11819, 12767, 0
12768 11819
parent 11819, 12768, 0
12769 11819
parent 11819, 12769, 0
12770 11819
parent 11819, 12770, 0
12771 11819
parent 11819, 12771, 0
12772 11819
parent 11819, 12772, 0
12773 11819
parent 11819, 12773, 0
12774 11819
parent 11819, 12774, 0
12775 11819
parent 11819, 12775, 0
12776 11819
parent 11819, 12776, 0
12777 11819
parent 11819, 12777, 0
12778 11819
parent 11819, 12778, 0
12779 11819
parent 11819, 12779, 0
12780 11819
parent 11819, 12780, 0
12781 11819
parent 11819, 12781, 0
12782 11819
parent 11819, 12782, 0
12783 11819
parent 11819, 12783, 0
12784 11819
parent 11819, 12784, 0
12785 11819
parent 11819, 12785, 0
12786 11819
parent 11819, 12786, 0
12787 11819
parent 11819, 12787, 0
12788 11819
parent 11819, 12788, 0
12789 11819
parent 11819, 12789, 0
12790 11819
parent 11819, 12790, 0
12791 11819
parent 11819, 12791, 0
12792 11819
parent 11819, 12792, 0
12793 11819
parent 11819, 12793, 0
12794 11819
parent 11819, 12794, 0
12795 11819
parent 11819, 12795, 0
12796 11819
parent 11819, 12796, 0
12797 11819
parent 11819, 12797, 0
12798 11819
parent 11819, 12798, 0
12799 11819
parent 11819, 12799, 0
12800 11819
parent 11819, 12800, 0
12801 11819
parent 11819, 12801, 0
12802 11819
parent 11819, 12802, 0
12803 11819
parent 11819, 12803, 0
12804 11819
parent 11819, 12804, 0
12805 11819
parent 11819, 12805, 0
12806 11819
parent 11819, 12806, 0
12807 11819
parent 11819, 12807, 0
12808 11819
parent 11819, 12808, 0
12809 11819
parent 11819, 12809, 0
12810 11819
parent 11819, 12810, 0
12811 11819
parent 11819, 12811, 0
12812 11819
parent 11819, 12812, 0
12813 11819
parent 11819, 12813, 0
12814 11819
parent 11819, 12814, 0
12815 11819
parent 11819, 12815, 0
12816 11819
parent 11819, 12816, 0
12817 11819
parent 11819, 12817, 0
12818 11819
parent 11819, 12818, 0
12819 11819
parent 11819, 12819, 0
12820 11819
parent 11819, 12820, 0
12821 11819
parent 11819, 12821, 0
12822 11819
parent 11819, 12822, 0
12823 11819
parent 11819, 12823, 0
12824 11819
parent 11819, 12824, 0
12825 11819
parent 11819, 12825, 0
12826 11819
parent 11819, 12826, 0
12827 11819
parent 11819, 12827, 0
12828 11819
parent 11819, 12828, 0
12829 11819
parent 11819, 12829, 0
12830 11819
parent 11819, 12830, 0
12831 11819
parent 11819, 12831, 0
12832 11819
parent 11819, 12832, 0
12833 11819
parent 11819, 12833, 0
12834 11819
parent 11819, 12834, 0
12835 11819
parent 11819, 12835, 0
12836 11819
parent 11819, 12836, 0
12837 11819
parent 11819, 12837, 0
12838 11819
parent 11819, 12838, 0
12839 11819
parent 11819, 12839, 0
12840 11819
parent 11819, 12840, 0
12841 11819
parent 11819, 12841, 0
12842 11819
parent 11819, 12842, 0
12843 11819
parent 11819, 12843, 0
12844 11819
parent 11819, 12844, 0
